name: flappy-bird
channels:
  - anaconda
  - soumith
  - conda-forge
  - defaults
dependencies:
  - freetype=2.9.1=hb4e5f40_0
  - libpng=1.6.35=ha441bb4_0
  - libtiff=4.0.9=hcb84e12_2
  - olefile=0.46=py36_0
  - pillow=5.3.0=py36hb68e598_0
  - bzip2=1.0.6=1
  - ca-certificates=2018.11.29=ha4d7672_0
  - cairo=1.14.12=h276e583_5
  - certifi=2018.11.29=py36_1000
  - cryptography-vectors=2.3.1=py36_1000
  - cycler=0.10.0=py_1
  - ffmpeg=4.1=h9db10b5_0
  - fontconfig=2.13.1=hce039c3_0
  - gettext=0.19.8.1=h1f1d5ed_1
  - giflib=5.1.4=h470a237_1
  - glib=2.56.2=h464dc38_1
  - gmp=6.1.2=hfc679d8_0
  - gnutls=3.6.5=ha0399c4_1
  - graphite2=1.3.13=h7d4d677_0
  - harfbuzz=1.9.0=h04dbb29_1
  - icu=58.2=hfc679d8_0
  - jasper=1.900.1=hff1ad4c_5
  - jpeg=9c=h470a237_1
  - kiwisolver=1.0.1=py36h2d50403_2
  - libiconv=1.15=h470a237_3
  - libwebp=1.0.1=h08eee79_0
  - libxml2=2.9.8=h422b904_5
  - matplotlib=3.0.2=py36_1
  - matplotlib-base=3.0.2=py36hb2d221d_1
  - nettle=3.4.1=h470a237_2
  - openblas=0.3.3=ha44fe06_1
  - openh264=1.8.0=hd28b015_0
  - pcre=8.41=hfc679d8_3
  - pixman=0.34.0=h470a237_3
  - pyparsing=2.3.0=py_0
  - python-dateutil=2.7.5=py_0
  - tornado=5.1.1=py36h470a237_0
  - x264=1!152.20180717=h470a237_1
  - asn1crypto=0.24.0=py36_0
  - blas=1.0=mkl
  - cffi=1.11.5=py36h6174b99_1
  - cryptography=2.4.2=py36ha12b0ac_0
  - hdf5=1.10.2=hfa1e0ec_1
  - idna=2.8=py36_0
  - intel-openmp=2019.1=144
  - libcxx=4.0.1=hcfea43d_1
  - libcxxabi=4.0.1=hcfea43d_1
  - libedit=3.1.20170329=hb402a30_2
  - libffi=3.2.1=h475c297_4
  - libgfortran=3.0.1=h93005f0_2
  - mkl=2019.1=144
  - mkl_fft=1.0.6=py36h27c97d8_0
  - mkl_random=1.0.2=py36h27c97d8_0
  - ncurses=6.1=h0a44026_1
  - ninja=1.8.2=py36h04f5b5a_1
  - numpy=1.15.4=py36hacdab7b_0
  - numpy-base=1.15.4=py36h6575580_0
  - opencv=3.4.1=py36h6fd60c2_1
  - openssl=1.1.1a=h1de35cc_0
  - pip=18.1=py36_0
  - pycparser=2.19=py36_0
  - pyopenssl=18.0.0=py36_0
  - pysocks=1.6.8=py36_0
  - python=3.6.7=haf84260_0
  - readline=7.0=h1de35cc_5
  - selenium=3.141.0=py36h1de35cc_0
  - setuptools=40.6.3=py36_0
  - six=1.12.0=py36_0
  - sqlite=3.26.0=ha441bb4_0
  - tk=8.6.8=ha441bb4_0
  - urllib3=1.24.1=py36_0
  - wheel=0.32.3=py36_0
  - xz=5.2.4=h1de35cc_4
  - zlib=1.2.11=h1de35cc_3
  - pytorch=1.0.0=py3.6_1
  - torchvision=0.2.1=py_2
prefix: /Users/matthiasivantsits/anaconda3/envs/flappy-bird

